2
0 20
1 30
150
1 0 2389
2 0 2411
3 0 2915
4 0 3007
5 0 3037
6 0 3262
7 0 3390
8 0 3535
9 0 3816
10 0 4446
11 0 4684
12 0 4688
13 0 4719
14 0 4786
15 0 4847
16 0 4863
17 0 5138
18 0 5270
19 0 5298
20 0 5307
21 0 5371
22 0 5388
23 0 5694
24 0 5773
25 0 5925
26 0 5952
27 0 6050
28 0 6246
29 0 6366
30 0 6429
31 0 6510
32 0 6535
33 0 6727
34 0 7072
35 0 7351
36 0 7546
37 0 7555
38 0 8240
39 0 8412
40 0 8628
41 0 8844
42 0 8846
43 0 8935
44 0 9319
45 0 9362
46 0 9393
47 0 9398
48 0 9489
49 0 9521
50 0 9585
51 0 10068
52 0 10164
53 0 10242
54 0 10329
55 0 10577
56 0 10689
57 0 10691
58 0 11087
59 0 11271
60 0 11583
61 0 11596
62 0 12195
63 0 12374
64 0 12692
65 0 12864
66 0 13243
67 0 14008
68 0 14214
69 0 14233
70 0 14389
71 0 14398
72 0 14431
73 0 14437
74 0 14575
75 0 14688
76 0 15226
77 0 15633
78 0 15735
79 0 15875
80 0 16018
81 0 16078
82 0 16740
83 0 17316
84 0 17457
85 0 17897
86 0 18474
87 0 18506
88 0 18635
89 0 19373
90 0 19399
91 0 19515
92 0 20369
93 0 20716
94 0 20797
95 0 20969
96 0 21134
97 0 21167
98 0 21294
99 0 21352
100 0 21367
101 0 21389
102 0 21628
103 0 21630
104 0 22107
105 0 22369
106 0 22714
107 0 22739
108 0 22745
109 0 22975
110 0 23402
111 0 23843
112 0 24182
113 0 24816
114 0 25538
115 0 25907
116 0 25952
117 0 26062
118 0 26217
119 0 26383
120 0 26590
121 0 26745
122 0 26943
123 0 27232
124 0 27408
125 0 27414
126 0 27424
127 0 27661
128 0 27732
129 0 27799
130 0 28212
131 0 28268
132 0 28663
133 0 29780
134 0 29896
135 0 29928
136 0 29951
137 0 30162
138 0 30220
139 0 30222
140 0 30343
141 1 3765
142 1 6337
143 1 7044
144 1 7172
145 1 8887
146 1 12668
147 1 13592
148 1 14319
149 1 20944
150 1 24597
